Nutrient Goals:
Calories: 3308.4499200000005 kcal
Proteins: 248.13374400000004 g
Carbs: 372.2006160000001 g
Fats: 91.90138666666668 g
